"r1" <-
3
"r2" <-
7
"Nfold" <-
10
"temp_allCVscore1" <-
structure(c(0.00793358888666286, 0.00899513617129974, 0.00892482644980732, 0.00868133341165007, 0.00707299929050591, 0.00758753567123529, 0.00910050618247867, 0.00894042755132674, 0.00703569252083139, 0.00804791095552228, 0.00586965160442609, 0.00637282552037994, 0.00609519996129239, 0.00719571028692618, 0.00569742684674181, 0.00527741655076878, 0.00672979366533002, 0.00768805301004626, 0.00614956312296006, 0.0059620844618453, 0.00476205967231658, 0.00470851118381841, 0.00449837715635854, 0.00600037795710052, 0.00458960110592939, 0.00521163073054338, 0.0054079146854363, 0.00604160325305188, 0.00459026835902954, 0.00468473250617475, 0.00397256097316641, 0.00449440560589311, 0.00427079293366552, 0.00537629174681085, 0.00493423494801804, 0.00529008982740644, 0.0051097330513769, 0.00545877804316388, 0.00468491013452431, 0.00468920447550678, 0.00355217526150783, 0.00440049663297355, 0.00476645105870667, 0.00488608183839638, 0.00456897202953978, 0.00497518797874572, 0.0048711770423257, 0.0055780961676794, 0.00489751218110954, 0.0045220100847236, 0.0094652642327732, 0.00465878145986805, 0.0054281156721087, 0.00456180613350608, 0.00571346586708747, 0.00554624969799878, 0.00520441477147884, 0.00478263230030348, 0.00511797819796617, 0.00459302395887229, 0.0113804006330771, 0.0072571767190254, 0.00504340925909338, 0.00540519412333398, 0.00629694209662905, 0.00580668484468893, 0.00493979165303273, 0.00557564869515023, 0.00569269394432435, 0.00434920489379171, 0.178799264487213, 0.00700289251411286, 0.00479994897184349, 0.00474286210419489, 0.00524612765227273, 0.00503484211340444, 0.00459806341173934, 0.00937792126178279, 0.0056059046396165, 0.00485630986475744, 0.00680162871649916, 0.00797121062316577, 0.00589763089373221, 0.00547293609630406, 0.0567168029628502, 0.00504850662136032, 0.00442769214074637, 0.0198223185780757, 0.238342042975516, 0.00475638213453528, 0.00959903714917717, 0.0113905739354943, 0.00614600147196322, 0.00595334704077078, 0.0238321729879531, 0.00627717330140176, 0.00523244187823614, 0.0132737347079367, 0.123145021292778, 0.00514439020521372), .Dim = c(10, 10))
"temp_allCVscore2" <-
structure(c(0.0151868079432161, 0.0291738689402548, 0.0345439880196702, 0.0248878864801332, 0.0275476856236378, 0.0195096278987638, 0.0171608261622197, 0.0292856580878091, 0.0290300921854044, 0.0239436198253081, 0.0152356975796851, 0.0257742926678796, 0.0321019045345183, 0.0209963890606656, 0.0252706074092015, 0.01712840468655, 0.017045088180655, 0.0264461715081467, 0.0292616121737772, 0.0203096136503964, 0.0133032418309237, 0.0234217530902561, 0.03056923823129, 0.0197308122206926, 0.0215761852494671, 0.0155375740852023, 0.0151041399516865, 0.0255399084857648, 0.0262205441880667, 0.0192854273411644, 0.0126049417426841, 0.0217628373427029, 0.0271383416887671, 0.0186741337334599, 0.0204318260011875, 0.0148399749949808, 0.0140539631280168, 0.0230751154642014, 0.0237561649212684, 0.0178552966885503, 0.0125962533225806, 0.0217637377115364, 0.0272495793462035, 0.0187159967425048, 0.0205495047496045, 0.0148532644344316, 0.0140061748605459, 0.0230503097642605, 0.023752293359766, 0.0177900216381073, 0.0126988420592046, 0.0216344476288243, 0.02707731576975, 0.0187354360736705, 0.0203591857911342, 0.0148581783819972, 0.0140224701405938, 0.0229868986727409, 0.0237208244250375, 0.0177942349609899, 0.0126805876179378, 0.0216003572556866, 0.0271311702053308, 0.0187142290156513, 0.0202656347704679, 0.0148501838207238, 0.0139773394782646, 0.0230350770206451, 0.0237300760975753, 0.0177984263834159, 0.0127060109699016, 0.0216014212655078, 0.02707731576975, 0.0187142290156514, 0.0202656347704679, 0.014865068067299, 0.0140017570621673, 0.0229816095214863, 0.0237208244250257, 0.0177851104439463, 0.0127060109699016, 0.0216014212655078, 0.02707731576975, 0.0187142290156514, 0.0202656347704679, 0.014865068067299, 0.0140017570621673, 0.0229816095214863, 0.0237208244250256, 0.0177851104439463, 0.0127060109699016, 0.0216014212655078, 0.02707731576975, 0.0187142290156514, 0.0202656347704679, 0.014865068067299, 0.0140017570621673, 0.0229816095214863, 0.0237208244250256, 0.0177851104439463), .Dim = c(10, 10))
